1399.132151
741.7046935
521.0522534
409.7589017
342.3121031
296.8568721
264.0157617
239.0927684
219.4740138
203.5876473
190.4308465
169.8290364
161.5847883
147.9545019
137.1058392
128.2305191
117.5313596
111.6731389
102.1084754
96.3148354
89.89837931
83.401898
78.11679156
73.71192399
68.62299797
64.45339052
60.50322824
56.82153989
53.11842379
50.05595875
47.04063595
44.15944964
41.46004222
38.96265316
36.67005371
34.57477729
32.52459683
30.6298509
28.84180685
27.13712564
25.57371711
24.11769387
22.72677388
21.42149725
20.21082493
19.06942272
17.99611514
16.9899388
16.04194068
15.15431911
14.32214252
13.54273235
12.81824503
12.13657276
11.50281696
10.91293091
10.36542772
9.861750585
9.400945968
8.982905789
8.610209171
8.285091276
8.011170447
7.794166997
7.640220106
7.557146586
7.554120562
7.641298569
7.829170727
8.12828622
8.549582889
9.102933524
9.798773953
10.64843131
11.66288981
12.85589113
14.24273499
15.8413178
17.67367243
19.76328105
22.13924081
24.83395118
27.88448435
31.33351248
35.22975923
39.62700352
44.58837937
50.18346765
56.49068069
63.60014583
