0.03510736472
0.02043035862
0.0153001517
0.01261023335
0.01092136652
0.009746376815
0.00887290103
0.008192847458
0.007645061437
0.007192172629
0.00680996339
0.006196688019
0.005945621662
0.005522592121
0.005178167721
0.004890827308
0.004537230578
0.00434006296
0.004012390018
0.003810268203
0.003583073723
0.00334935062
0.003156398654
0.002993627006
0.002803348376
0.002645664376
0.002494814631
0.002352956538
0.002209078341
0.002089218842
0.001970468168
0.001856356592
0.00174891545
0.001649100841
0.001557160771
0.00147291147
0.00139030888
0.001313861245
0.001241663246
0.00117282152
0.001109715947
0.001051009918
0.0009950264654
0.0009426164377
0.0008941532656
0.0008486323144
0.0008060154328
0.0007662676349
0.0007290352902
0.0006944005284
0.000662160852
0.0006321980612
0.0006045726697
0.0005787964724
0.0005550294028
0.000533075211
0.0005128237391
0.0004942586624
0.0004772573571
0.0004617062388
0.0004475635859
0.0004347413623
0.0004231616596
0.000412785261
0.0004035372423
0.0003953568637
0.0003881935884
0.0003819989171
0.0003767379948
0.0003723723258
0.0003688657222
0.0003661970555
0.0003643448062
0.0003632944698
0.0003630393109
0.000363576867
0.0003649111326
0.0003670518127
0.0003700163458
0.0003738249961
0.0003785066386
0.0003840940939
0.0003906254132
0.0003981446644
0.0004067015073
0.0004163473185
0.0004271427818
0.000439149449
0.0004524327855
0.0004670657953
