0.05552354916
0.02980991527
0.02115137632
0.01676784757
0.01410100555
0.01229678044
0.01098836303
0.009991854105
0.009204759714
0.008565358501
0.008034214157
0.007199110605
0.006863600959
0.006307002423
0.005862120177
0.005496793894
0.005054605485
0.004811599906
0.004413400436
0.004171282398
0.003902297549
0.003629036984
0.003406038329
0.003219707261
0.003003914397
0.002826700208
0.0026584967
0.002501471623
0.002343316283
0.002212386967
0.002083384463
0.001960072598
0.001844535169
0.001737677736
0.001639648855
0.001550149145
0.001462700147
0.001382031209
0.00130607973
0.001233872103
0.001167867659
0.00110663036
0.001048388432
0.0009940098218
0.0009438610836
0.0008968853632
0.0008530310135
0.000812250409
0.0007741709518
0.0007388679621
0.0007061265618
0.0006758193484
0.0006479995506
0.0006221694025
0.0005984843091
0.0005767429935
0.000556832106
0.0005387311532
0.0005223160604
0.0005074740288
0.0004941625761
0.0004822963417
0.0004718018626
0.0004626423028
0.0004547502787
0.0004480738703
0.0004425724107
0.0004382097977
0.0004349623944
0.0004328065406
0.0004317254078
0.0004317132684
0.0004327690763
0.0004349013329
0.0004381224079
0.0004424544626
0.0004479249562
0.0004545678603
0.0004624283985
0.0004715496474
0.0004819883776
0.0004938031007
0.0005070578296
0.0005218237393
0.000538178361
0.0005561986266
0.0005759755473
0.0005975986848
0.0006211624242
0.0006467726251
