0.03737181819
0.02240710339
0.01706256433
0.01421322719
0.01240085995
0.01112681927
0.01017170277
0.009422889101
0.008816175543
0.008312060799
0.007884788714
0.007195586285
0.006912118049
0.006432727459
0.006040760768
0.005712615054
0.005307377451
0.005080733977
0.004703007326
0.004469353361
0.004206126536
0.00393469718
0.003710138863
0.003520375942
0.00329817219
0.003113734586
0.00293704475
0.002770672377
0.002601723437
0.002460822551
0.002321088455
0.002186687759
0.002060033738
0.001942277177
0.001833734083
0.001734208983
0.001636575623
0.001546174622
0.001460767404
0.00137931013
0.001304632898
0.001235168371
0.00116894745
0.001106993674
0.001049765473
0.0009960953654
0.0009459610954
0.0008993462014
0.0008558644552
0.0008156436892
0.0007784830432
0.0007442849866
0.0007131569193
0.0006845949089
0.0006588286857
0.0006356959865
0.0006151384037
0.000597195041
0.0005817996091
0.000568905371
0.0005585300075
0.0005506528611
0.000545266514
0.0005423793542
0.000541981275
0.000544072102
0.0005486543163
0.0005557348141
0.0005653099797
0.0005773841513
0.0005919847909
0.0006091134896
0.0006287998486
0.0006510916696
0.0006760106926
0.0007036204091
0.0007339813164
0.0007671665117
0.0008032835023
0.0008424129491
0.0008846839685
0.0009302212531
0.0009791639115
0.001031671973
0.001087923325
0.001148091088
0.001212393852
0.001281043638
0.001354267979
0.00143233007
