0.02467190956
0.02493479254
0.01834457543
0.0132041673
0.01102207757
0.0106193315
0.01085062549
0.01019459909
0.009632876667
0.009193140399
0.008927884839
0.008065100738
0.007690118618
0.007202705973
0.006319330065
0.005846437732
0.00514881318
0.004885202254
0.004405094603
0.004080001336
0.003873897116
0.003678160369
0.003457128853
0.003200707174
0.002989831646
0.002803379721
0.002647703306
0.002473431713
0.002284026532
0.002185473802
0.002046375451
0.001936689045
0.001819930883
0.001729208746
0.001631577779
0.001548353777
0.001466890975
0.001383531455
0.001310662519
0.001238003216
0.001170488261
0.001099510127
0.001033588616
0.0009726364373
0.0009169636798
0.0008693815955
0.0008330693123
0.0008038304514
0.0007789187564
0.0007612537429
0.0007464671072
0.0007319207471
0.0007187487273
0.0007099081353
0.0007068517354
0.0007078931076
0.0007104766866
0.0007104334853
0.0007102318788
0.0007078117167
0.0007037531736
0.0006972542061
0.0006953116561
0.0006979947885
0.0007039169969
0.0007152684293
0.0007362071181
0.0007617116659
0.0007874040237
0.0008179169932
0.0008479509111
0.0008717258029
0.0008819426787
0.0008771842168
0.0008587121825
0.0008315832154
0.0008008044954
0.0007790618137
0.0007647685644
0.0007491394097
0.0007203434732
0.0006701127852
0.0006088704947
0.0005606363285
0.0005246225848
0.0005035008845
0.0004892647714
0.0004921935696
0.0005292845987
0.0005258558018
