103.7315832
163.9243592
191.7164173
196.6821413
191.471318
182.9031523
173.960959
165.6904144
158.1634515
151.3900791
145.4600011
135.5462222
131.3210904
123.9294852
117.7580099
112.3237711
104.943265
100.5456376
93.40750255
89.01283569
84.05602691
79.41907231
75.53209455
72.22581237
67.74073834
63.14979406
57.02789023
51.53595655
46.64694377
43.10533899
39.37464024
37.49800407
38.14578917
38.02317761
37.22442136
37.0736267
36.80607436
36.88749438
36.82882302
36.6779325
36.35764289
34.6646179
32.56068641
28.96188192
24.79835913
19.79660106
15.72113465
13.11026408
12.14151525
11.24889632
11.49983487
12.7236755
11.65155132
8.771172242
7.66778066
7.888709479
8.435019343
6.689942384
6.635916925
6.784465758
5.942964747
6.278240895
5.699032729
5.376118173
5.434912538
5.131962774
4.786782722
4.518103862
4.206121006
3.874318509
3.859662982
3.653415314
3.585255474
3.546202269
3.420613838
3.338967412
3.182283348
3.039507153
2.929253799
2.889898435
2.975939829
3.024647191
3.05891429
2.994598399
3.020727385
2.921434277
2.835339431
2.96049088
3.311244583
3.616883292
