0.0270591528
0.03112379033
0.02262939314
0.01413782772
0.01053801663
0.01053168724
0.01103720363
0.01002763602
0.009451433097
0.008890489491
0.008681074271
0.007689679483
0.007439322285
0.007478906256
0.006476828672
0.006284668155
0.005650502382
0.005368779108
0.004791417825
0.00420238934
0.003871089479
0.003583417837
0.003326961491
0.003123125836
0.003028358867
0.002925630754
0.002692821287
0.002463067275
0.002300266707
0.002195876493
0.002071141412
0.001902408434
0.001796899806
0.001678672941
0.00158119877
0.001489790687
0.00140725428
0.00131624009
0.001250404041
0.001180101157
0.001117237862
0.001056464063
0.000999030888
0.0009469150586
0.0008911281212
0.000836766494
0.0007854148847
0.0007379917124
0.0006950997562
0.0006581637608
0.0006262448578
0.0006005032951
0.0005796626005
0.0005622676066
0.0005477965804
0.0005359447213
0.0005263450056
0.0005164343159
0.0005090605387
0.0005015498994
0.0004960035766
0.0004918902912
0.0004885848573
0.00048552
0.000480338134
0.0004774902911
0.0004742741024
0.000471267083
0.0004744573008
0.0004790329017
0.0004837034054
0.0004892082613
0.0004916350322
0.0004896691376
0.0004858768145
0.000485874039
0.0004896487592
0.0005016660519
0.0005163368974
0.0005221862102
0.0005195776594
0.0005093212212
0.0004882080154
0.0004701470017
0.0004673401732
0.0004769773968
0.0004911447249
0.0005072810975
0.0005082565504
0.0005210665448
