326.5269649
227.1157305
184.4029599
159.2485071
142.1956686
129.6605076
119.9464406
112.1328418
105.6712992
100.2121021
95.5203352
87.82682602
84.61757823
79.13105271
74.59036325
70.75169237
65.96512124
63.26627944
58.73445488
55.91042316
52.71046914
49.39079081
46.62940164
44.2855803
41.52932358
39.23207457
37.02340366
34.93667465
32.81065968
31.03218182
29.26347808
27.55748481
25.9453184
24.44223992
23.05292534
21.77549142
20.51866812
19.35128033
18.24465604
17.18527799
16.21008662
15.2988688
14.42575678
13.6041111
12.84005763
12.11799544
11.43745884
10.79806693
10.19429699
9.627658742
9.095061913
8.59478104
8.128130915
7.687137018
7.274801657
6.888073128
6.52535418
6.186756944
5.870506974
5.574956471
5.299818569
5.043939223
4.806343495
4.586859349
4.384583989
4.198888867
4.029356167
3.87559699
3.737545208
3.615033407
3.507902717
3.416393967
3.340702046
3.281178111
3.238426301
3.213125612
3.206162664
3.218602059
3.251727474
3.307006942
3.386170443
3.491175809
3.624247393
3.787928339
3.98511809
4.21902904
4.493423244
4.812475965
5.180913773
5.604198972
