0.02244759726
0.02032388191
0.0161827031
0.01299460261
0.01057628322
0.009475902746
0.008940895152
0.008132194063
0.00766615055
0.007235826284
0.006768887682
0.006110011832
0.00582453997
0.005543588742
0.005038181869
0.004814046305
0.004506468149
0.00430341419
0.004005818817
0.003760490976
0.003546686055
0.003361103983
0.003160652333
0.00297863528
0.002814295829
0.002659089345
0.002501873536
0.002357199626
0.002223257537
0.002107415721
0.001995730454
0.001885676643
0.001780955593
0.001678757618
0.001581608451
0.001491707631
0.001404022041
0.001323858343
0.001249345839
0.001182371704
0.001123697537
0.001068985386
0.001014830313
0.0009648814576
0.0009161813819
0.0008694984551
0.0008266837974
0.0007869130694
0.0007530001712
0.0007255925568
0.0007019858758
0.000680160093
0.0006582734644
0.0006361982018
0.0006105512563
0.0005823155278
0.0005540236859
0.0005303934389
0.0005098677215
0.0004926144067
0.0004751986324
0.0004595583561
0.0004499544856
0.0004387814503
0.0004245609739
0.0004148870641
0.0004116281918
0.0004120232042
0.0004114231447
0.0004155186804
0.0004245504661
0.0004356725095
0.0004509846878
0.0004638707556
0.0004721353161
0.0004738472948
0.0004732152232
0.0004628321551
0.000449441525
0.000440081836
0.0004321402645
0.0004205781132
0.0004120031646
0.0003953540461
0.0003731119141
0.0003400155473
0.0003041811627
0.0002805579232
0.0002935935787
0.0003070391329
