110.5251883
160.8549914
162.7739896
143.7539668
130.2086885
122.2650768
116.4126218
112.5517916
107.4797111
101.0788905
96.13129698
89.96453705
87.76454699
82.18281806
77.27799054
74.01217779
68.09371266
65.09451949
59.41335922
56.14792605
53.02223086
49.86716598
47.23691728
45.19622644
43.14319566
40.73498448
37.37332787
34.66295518
32.24053159
30.41643082
28.13625597
26.58048355
25.58798062
24.32661227
23.29138303
22.0888638
21.01622476
20.18683118
19.38858921
18.60410727
17.88136147
17.13475323
16.30366171
15.28888482
14.28524644
13.23684124
12.36945727
11.61882096
10.93571375
10.14051875
9.401241819
8.753104412
7.99079672
7.166754778
6.564857693
6.185202059
5.9349793
5.598590198
5.254178613
4.928743641
4.704300188
4.70141291
4.525474982
4.264584849
4.176936768
4.009498649
3.854289569
3.825239758
3.848710444
3.867789478
3.938932808
4.024656586
4.078416164
4.102852942
4.075440464
3.988498554
3.833110611
3.66462497
3.472920517
3.292134625
3.229804474
3.29603317
3.410484332
3.54793912
3.655461581
3.675373995
3.651783672
3.534924837
3.255635903
2.630203729
