0.005021887195
0.01004377439
0.01506566159
0.02008754878
0.02510943598
0.03013132317
0.03515321037
0.04017509756
0.04519698476
0.05021887195
0.05524075915
0.06528453354
0.07030642073
0.08035019512
0.09039396951
0.1004377439
0.1155034055
0.1255471799
0.1456347287
0.1607003902
0.180787939
0.205897375
0.231006811
0.2561162469
0.2912694573
0.3264226677
0.3665977652
0.41179475
0.4670355091
0.5222762683
0.5875608018
0.6628891098
0.7482611921
0.8436770488
0.9491366799
1.064640085
1.20023104
1.350887655
1.52163182
1.717485421
1.93342657
2.174477155
2.450680951
2.762037957
3.108548174
3.500255375
3.942181448
4.43934828
5.001799646
5.634557433
6.347665415
7.151167366
8.050085174
9.069528274
10.21451855
11.50514356
12.96149085
14.59862608
16.44165868
18.52071998
20.86091941
23.49741019
26.47036741
29.81494428
33.58135967
37.82485435
42.60569096
47.99417592
54.06061566
60.89038224
68.58893531
77.25671261
87.01926132
98.02221616
110.4112119
124.3670364
140.0855433
157.7876957
177.7346316
200.197533
225.5028226
254.0070543
286.1119792
322.2745889
363.0121378
408.8920992
460.5773622
518.7961005
584.3668816
658.2287984
