527.2221031
347.4124989
276.4102335
236.1790207
209.5114837
190.1963722
175.3842499
163.5628524
153.8461747
145.6764938
138.6830334
127.2679319
122.5246908
114.4394116
107.7695849
102.1454265
95.15006588
91.21402499
84.61730783
80.51412279
75.87142172
71.06215704
67.06695925
63.67948021
59.69993643
56.38630105
53.20305408
50.1978343
47.13824293
44.58046748
42.03822892
39.58751148
37.27282793
35.11587211
33.12313808
31.29172576
29.490692
27.81860116
26.23429011
24.71835906
23.32359852
22.02101065
20.77357876
19.6003655
18.51006421
17.48036513
16.51057257
15.6001061
14.74106504
13.93555772
13.17914306
12.46931888
11.80788529
11.18347249
10.6002586
10.05383572
9.541845089
9.064323568
8.618626008
8.20226597
7.814647607
7.453921457
7.118451909
6.807693685
6.520019755
6.254129221
6.008950813
5.783371993
5.576662105
5.387843187
5.215811673
5.05994655
4.919395246
4.79335127
4.681264933
4.582454309
4.496365631
4.422490749
4.360343156
4.309573452
4.269835734
4.240877461
4.22250827
4.214603253
4.217110496
4.23004653
4.2535027
4.287636317
4.332669017
4.388900631
