102.3217415
157.9145923
178.7146456
179.263007
174.0735379
167.3512403
160.9139305
155.9263486
151.3988981
146.904932
143.1049682
137.3912623
134.9599767
128.9678542
122.4421147
115.7491023
104.3149569
96.63565152
82.45063931
74.87066613
68.3472691
64.03973046
61.09093744
59.78377134
59.06202632
55.31795051
48.55291263
43.9717811
41.61137114
40.23177542
35.62934006
33.87379883
33.40233077
31.28234366
30.57860096
28.8984098
27.65973786
26.65043056
25.45934688
24.32489031
23.19194652
21.66358516
20.21170322
18.38228957
16.73681489
14.92625382
13.42556419
12.25862001
11.47856203
10.53106056
9.856534666
9.540703119
8.98941683
8.093815993
7.520175811
7.333906576
7.003468267
6.310589532
5.906026336
5.58177289
5.004551444
4.780624675
4.432799907
4.169634579
3.979931748
3.806054625
3.680278346
3.600119375
3.493883239
3.351272473
3.239274398
3.13527108
3.086831162
3.054894493
3.031290444
3.07062625
3.085018279
2.989772029
2.859373313
2.705674574
2.629254949
2.597022481
2.661830259
2.762352045
2.876869122
2.918821787
2.629759801
2.282613225
2.329882015
2.518473989
